instrument=GXB04525
position=X2
flow_cell_id=AUY346
sample_id=no_sample
protocol_group_id=20241014_40bp_opt
protocol=sequencing/sequencing_MIN114_DNA_e8_2_400K:FLO-FLG114:SQK-LSK114:400
protocol_run_id=343f24c8-570c-4f86-b5ce-3843488cfc64
acquisition_run_id=6c7659469f89281470eb4bbd130ce0995aef07ab
started=2024-10-14T13:17:58.294793+00:00
acquisition_stopped=2024-10-14T14:48:02.799513+00:00
processing_stopped=2024-10-14T14:48:09.137512+00:00
basecalling_enabled=1
sequencing_summary_file=sequencing_summary_AUY346_343f24c8_6c765946.txt
fast5_files_in_final_dest=0
fast5_files_in_fallback=0
pod5_files_in_final_dest=2
pod5_files_in_fallback=0
fastq_files_in_final_dest=20
fastq_files_in_fallback=0
bam_files_in_final_dest=0
bam_files_in_fallback=0
