instrument=GXB04525
position=X5
flow_cell_id=AUC747
sample_id=no_sample
protocol_group_id=20240627_40bp_opt
protocol=sequencing/sequencing_MIN114_DNA_e8_2_400K:FLO-FLG114:SQK-LSK114:400
protocol_run_id=9a290948-463e-4d40-b6ba-bd6e25a8610d
acquisition_run_id=feaf9802501b28c8a1406873637e32d5a13fcb94
started=2024-06-27T07:29:51.294682+00:00
acquisition_stopped=2024-06-27T08:56:13.025787+00:00
processing_stopped=2024-06-27T08:56:16.087306+00:00
basecalling_enabled=1
sequencing_summary_file=sequencing_summary_AUC747_9a290948_feaf9802.txt
fast5_files_in_final_dest=0
fast5_files_in_fallback=0
pod5_files_in_final_dest=4
pod5_files_in_fallback=0
fastq_files_in_final_dest=18
fastq_files_in_fallback=0
bam_files_in_final_dest=0
bam_files_in_fallback=0
