instrument=GXB04525
position=X2
flow_cell_id=FLG114
sample_id=no_sample
protocol_group_id=20240520_40bp
protocol=sequencing/sequencing_MIN114_DNA_e8_2_400K:FLO-FLG114:SQK-LSK114:400
protocol_run_id=718f8ef2-a911-4729-8f62-036f92ba18ae
acquisition_run_id=9e62b376ad71dd8d512ede265fdb61f223d142a7
started=2024-05-20T11:09:45.948383+00:00
acquisition_stopped=2024-05-20T12:47:55.673241+00:00
processing_stopped=2024-05-20T12:47:59.802198+00:00
basecalling_enabled=1
sequencing_summary_file=sequencing_summary_FLG114_718f8ef2_9e62b376.txt
fast5_files_in_final_dest=0
fast5_files_in_fallback=0
pod5_files_in_final_dest=2
pod5_files_in_fallback=0
fastq_files_in_final_dest=20
fastq_files_in_fallback=0
bam_files_in_final_dest=0
bam_files_in_fallback=0
