instrument=MN39294
position=
flow_cell_id=AUC893
sample_id=Not_optimized
protocol_group_id=2024_06_07_40bp_standard
protocol=sequencing/sequencing_MIN114_DNA_e8_2_400K:FLO-FLG114:SQK-LSK114:400
protocol_run_id=0f4562c7-f079-4b36-8989-1492e9ec1632
acquisition_run_id=85754a2fd6a8709a801bb6fc68d53b83c493dad5
started=2024-06-07T11:28:50.391556+03:00
acquisition_stopped=2024-06-07T12:58:08.344895+03:00
processing_stopped=2024-06-07T12:58:15.266832+03:00
basecalling_enabled=1
sequencing_summary_file=sequencing_summary_AUC893_0f4562c7_85754a2f.txt
fast5_files_in_final_dest=0
fast5_files_in_fallback=0
pod5_files_in_final_dest=2
pod5_files_in_fallback=0
fastq_files_in_final_dest=2
fastq_files_in_fallback=0
